   118     1

   118     1

 0.69315

   28    1

   0
   0
   0
   0
   0
   0
   0
   0
   0
   0
   0
   0
   0
   0
   0
   0
   0
   0
   0
   0
   0
   0
   0
   0
   0
   0
   0
   0

  8.4746e-003
  1.8788e-002
  7.7771e-005
  5.0345e-002
  1.1501e-002
  3.7665e-002
  1.8356e-002
  7.3239e-003
  8.1924e-003
  2.3476e-002
  3.9349e-002
  2.2392e-003
  1.2860e-002
  3.0959e-003
  3.9303e-002
  1.9971e-002
  4.3298e-003
  3.3864e-003
  5.8382e-003
  4.4763e-003
  3.1008e-002
  3.1031e-002
  1.0974e-003
  6.3157e-003
  4.0850e-004
  7.2650e-003
  1.3765e-003
  3.8794e-002

Cost at initial theta (zeros): 0.693147

Program paused. Press enter to continue.
